25460 29954
50923 46223
5001 45333
55446 25462
50872 18145
34723 44880
42384 34633
9639 48496
28863 16552
6526 15285
19020 17282
35881 4055
50186 31194
1519 39867
43600 58343
30684 16645
56988 60508
8737 4560
52250 18470
43224 13793
19376 33981
21147 10878
46434 49635
4583 4010
25012 34666
8920 43821
44260 2354
62460 64075
48050 43175
22705 26196
13393 46144
9290 21653
54858 6971
10008 13616
13746 62164
35124 41707
46632 18634
34900 3267
12604 43234
32822 52886
8874 55351
44912 32027
8544 4799
49119 35122
10424 16536
60624 16759
11452 39163
53879 64448
32302 32138
35080 7382
62870 58711
56138 59453
16314 523
31858 57492
41100 28255
35912 19451
33474 50663
63262 38661
51608 35785
21512 2441
47608 33068
21694 60747
2518 12110
26777 24531
41158 30692
53886 10749
62160 9350
31236 16757
57760 2425
7748 45552
50299 22584
42013 24760
58450 22555
21232 18921
8391 48835
63989 10880
26919 2586
10944 40179
61873 18251
19625 41026
49169 29891
30822 8784
57986 35708
53684 58462
65312 60119
62876 59431
54995 12495
5315 3790
14752 23944
1085 15667
29376 10949
7264 18300
43853 26444
32512 59575
21550 8038
14031 23743
18080 63951
33239 58212
20362 56357
10824 17262
48866 63703
64926 30017
13532 4710
51024 45961
64757 49984
14220 28387
12802 59875
38912 21807
62506 13346
35668 34862
51966 46051
50544 42878
31396 9455
60896 50066
2175 64927
16392 13089
16374 22707
50176 42730
13758 33307
24771 16446
29361 50333
54976 57883
39756 17650
35404 52948
45740 37290
55380 50162
58975 31043
4718 20827
53636 59526
62752 32091
23871 56129
22430 27957
60014 58601
23188 13571
50185 47608
24030 53655
61462 5954
39262 12294
65376 54579
62790 62380
12635 33896
24851 18346
6184 55354
20999 5872
41034 64823
15680 20534
11053 48600
31370 64282
13933 26810
59994 63094
57954 11116
62 8812
44192 3173
9936 7069
32348 59130
28124 28267
21341 59787
7052 51512
45767 6272
31798 9812
27128 19282
20357 6942
8785 29930
56384 25589
60313 42665
28612 7719
15633 25400
60544 59381
8157 29265
30324 59577
63176 47228
6660 42370
23478 30842
10286 12702
3891 14183
39622 30500
25444 6290
40276 59369
59616 58332
62358 45491
13524 65459
4884 16181
12140 13720
42182 39034
35003 47055
29138 13008
34581 38746
42684 43383
48044 43035
29752 13321
43544 53524
59012 57212
30880 25333
16242 56822
34092 7419
18364 25636
10152 28730
21724 41314
62006 61001
22170 64631
64080 26765
13844 2966
4879 60665
45393 60588
59744 58181
3057 48050
52788 7261
25680 33874
14976 23034
46547 12328
55751 54301
45584 23705
9041 33912
61111 4215
45054 57598
45209 44028
19465 16012
13063 9000
54305 50202
60518 18101
63913 52348
62271 40508
48031 37255
47628 45440
41816 50091
21640 17358
51240 55344
9594 47196
8934 27574
26262 38175
32558 52569
29214 26358
39148 37634
532 20933
12986 20311
17764 65308
22577 9748
33128 45239
29298 60560
50720 54641
29728 47852
50413 30188
38062 64063
52058 62752
19056 18826
20664 53566
9431 42071
8768 34773
41462 64978
33475 19867
